98.9836
100.358
100.076
104.112
103.132
101.025
100.905
100.438
100.859
99.0916
99.2639
98.1866
96.7001
96.6669
95.6111
95.0987
95.3623
96.0893
96.4867
95.7865
97.1164
97.4303
98.337
98.3566
99.8948
101.614
103.298
103.329
101.67
101.35
102.449
102.93
102.69
102.324
101.463
102.497
103.436
104.476
104.463
107.435
107.67
106.985
106.468
108.083
109.636
110.653
111.975
112.639
112.598
112.542
110.916
110.773
109.609
110.589
111.149
111.809
111.967
113.047
115.121
113.357
113.635
111.302
114.1
112.721
111.37
111.351
114.055
113.559
114.145
114.999
118.924
119.206
118.215
118.283
116.418
118.108
118.271
118.756
122.399
123.479
123.089
124.377
124.495
123.415
124.362
124.281
121.945
122.557
123.308
123.907
122.21
120.59
121.343
120.974
118.333
119.613
117.633
112.789
112.229
110.971
112.55
111.15
110.371
110.642
111.301
109.422
110.556
107.127
104.817
101.589
103.506
105.658
106.911
108.63
108.859
107.17
107.665
109.034
108.673
108.737
107.441
107.708
105.041
106.083
108.951
107.447
104.732
106.915
106.157
107.437
107.484
108.391
109.003
111.492
113.215
114.543
118.191
119.005
117.891
119.985
120.188
120.071
119.49
118.72
119.091
120.515
122.251
122.401
120.729
120.366
121.452
121.92
120.527
121.555
122.517
120.582
120.663
119.667
118.795
118.6
117.972
119.417
119.729
118.398
118.69
119.952
120.657
121.392
121.2
122.018
121.893
121.137
120.568
123.8
123.284
124.057
125.132
126.247
125.98
124.812
124.475
124.371
126.6
125.959
126.345
125.72
123.91
126.549
126.865
126.052
122.202
123.046
123.46
126.261
126.959
124.1
122.019
122.427
126.633
126.786
129.062
129.196
126.195
126.528
122.909
122.183
126.45
128.109
129.708
130.83
132.084
130.706
131.842
128.901
132.058
132.896
133.228
133.913
131.814
133.137
131.66
131.931
133.317
133.794
133.014
134.674
135.545
136.827
134.599
133.424
134.798
135.716
137.876
136.957
135.806
136.674
135.754
134.55
134.276
135.032
134.496
132.061
133.874
134.353
133.575
136.068
135.634
132.343
132.87
132.904
133.235
133.178
